             total        used        free	 shared  buff/cache   available
Mem:	   16317220     1551316     5950532       57972     8815372    14378848
Swap:       4194300           0     4194300



procs -----------memory---------- ---swap-- -----io---- -system-- ------cpu-----
 r  b   swpd   free  inact active   si   so    bi    bo   in   cs us sy id wa st
 9  0      0 5945452 4273692 5338400    0    0     0     0 7095 1338 83  0 17  0  0
 8  0      0 5945356 4273692 5338612    0    0     0     0 7170 1470 83  0 17  0  0
 8  0      0 5945420 4273692 5338620    0    0     0     0 7008 1095 83  0 17  0  0
 8  0      0 5945420 4273692 5338392    0    0     0     0 6999  814 84  0 16  0  0
 8  0      0 5946380 4273692 5340736    0    0     0     0 6997 1074 83  0 17  0  0
 8  0      0 5946224 4273688 5340400    0    0     0     0 6995 1283 83  0 17  0  0
 1  0      0 5946484 4273688 5340628    0    0     0     0 6879 1041 82  0 17  0  0
 8  0      0 5946472 4273688 5340464    0    0     0     0 6742  767 82  0 18  0  0
 8  0      0 5934740 4273688 5349492    0    0     0     0 6886  904 83  0 17  0  0
 8  0      0 5934988 4273692 5349152    0    0     0     0 6939 1111 82  0 18  0  0
 8  0      0 5935184 4273692 5349152    0    0     0     0 6927  869 84  0 16  0  0
 1  0      0 5935236 4273688 5349160    0    0     0     0 6829  867 82  0 18  0  0
 8  0      0 5935628 4273688 5349160    0    0     0     0 6902  888 83  0 17  0  0
 7  0      0 5935732 4273688 5349160    0    0     0     0 6926  797 84  0 16  0  0
 8  0      0 5935608 4273688 5349464    0    0     0     0 6829  801 82  0 17  0  0
 8  0      0 5935236 4273688 5349172    0    0     0     0 6827  797 83  0 17  0  0
 8  0      0 5935496 4273688 5349204    0    0     0     0 6855 1014 82  0 18  0  0
 8  0      0 5935732 4273688 5349172    0    0     0     0 6954  984 83  0 17  0  0
 8  0      0 5927824 4273688 5354348    0    0     0     0 6825  808 82  0 18  0  0
procs -----------memory---------- ---swap-- -----io---- -system-- ------cpu-----
 r  b   swpd   free  inact active   si   so    bi    bo   in   cs us sy id wa st
 9  0      0 5928216 4273688 5356508    0    0     0     0 6896  731 84  0 16  0  0
 9  0      0 5848144 4273688 5438980    0    0     0     0 7068 1357 84  0 16  0  0
10  0      0 5424104 4273688 5861084    0    0     0     0 8707 1852 82  1 16  0  0
 9  0      0 4877868 4273692 6409872    0    0     0    22 9731 1632 84  2 14  0  0
 7  0      0 4346164 4273672 6926548    0    0     0     0 9566 1765 82  3 15  0  0
10  0      0 3827836 4273656 7442208    0    0     0     0 10224 1804 82  3 15  0  0
 6  0      0 3301748 4273648 7971548    0    0     0     4 9771 1523 84  3 14  0  0
10  0      0 2767356 4273612 8512004    0    0     0     0 13949 1583 83  3 14  0  0
10  0      0 2233084 4273608 9049916    0    0     0     0 13299 1447 81  3 17  0  0
10  0      0 1752896 4273648 9530668    0    0     0     0 51879 1527 81  5 14  0  0
 3  0      0 1242620 4270252 10043852    0    0     0     0 19023 1583 85  3 12  0  0
 8  0      0 745260 4259036 10552752    0    0     0     0 9583 1643 81  3 16  0  0
 4  0      0 242140 4263104 11051292    0    0     0     0 7645 1608 84  2 14  0  0
 8  0    208 174572 4114896 11268688    0  208     0   283 8749 2013 84  3 12  0  0
10  0    352 161752 3903840 11494468    0  144     0   160 8724 2050 84  3 14  0  0
10  0    384 161160 3707812 11694304    0   32     0    32 13126 1930 83  4 13  0  0
 8  0    444 167344 3519664 11875892    0   60     0    60 13245 1853 82  4 14  0  0
 7  0    456 151248 3335600 12081720    0   12     0    16 17335 1970 82  5 13  0  0
 3  0    460 173584 3135156 12266968    0    4     0     4 9274 1876 82  4 14  0  0
procs -----------memory---------- ---swap-- -----io---- -system-- ------cpu-----
 r  b   swpd  free  inact    active    si   so    bi    bo   in   cs  us sy id wa st
11  0    464 181972 2990244 12408740    0    4     0     4 12701 1965 86  3 11  0  0
10  0    488 174568 2836288 12573284    0   24     0    24 12162 1749 82  3 15  0  0
10  0    512 174688 2694708 12718736    0   24   148    24 20122 1944 83  3 14  0  0
 8  0    528 157116 2590296 12844992    0   16     0    16 26812 1822 82  3 15  0  0
 8  0    528 176872 2470688 12952436    0    0    76     0 11824 1841 83  3 14  0  0
 4  0    528 153516 2250336 13201820    0    0     0     0 13915 1703 83  3 14  0  0
10  1    528 164988 1999096 13445772    0    0   408     0 11142 2001 84  3 13  0  0
 3  0    528 174076 1782716 13661628    0    0     0     0 14513 1924 85  3 12  0  0
10  0    528 176136 1586672 13862104    0    0    68     0 22342 1781 80  5 16  0  0
12  1 188632 136188 1421688 14071884    0 188084   112 188084 15778 1942 83  5 12  0  0
10  4 1069360 133484 1457528 14070048    0 880728 20460 880728 124969 4710 72  8 15  6  0
 6  2 1608312 134060 1549316 14005104 1024 539736 22424 539736 103539 6399 76 10  8  6  0
11  1 1850276 148716 1572800 14007936  384 242320  2380 242316 68493 3353 82  5 12  2  0
10  2 2468544 137340 1681392 13922420  604 617352  5828 617356 127680 5086 79  8  9  4  0
 4  1 2876756 156192 1665568 13940180 2752 409712 12440 409712 100693 5857 77  8 10  5  0
10  3 3243152 134860 1682308 13971312 1592 365740  5728 365749 113252 5664 80  7  9  5  0
 8  3 3971492 137480 1683528 13972164 2584 728816  4468 728816 163275 5831 78  9  9  5  0
13 12 4194300 133884 1696532 14130180  608 230500 12920 230500 44833 55341 50 10 12 27  0
 9  2 3004656 6933656 1471464 7577144 11860    0 53184     0 8876 4241 77  8 10  5  0
procs -----------memory---------- ---swap-- -----io---- -system-- ------cpu-----
 r  b   swpd   free    inact  active   si     so  bi     bo  in   cs  us sy id wa st
10  2 3004512 6695600 1472976 7822648  668    0  1644     0 7215 1888 79  3 16  3  0
 9  2 3003508 6464308 1477016 8058492 3804    0  5476     0 7765 2717 80  3 13  3  0
 9  1 3003200 6229168 1478760 8301488 1036    0  1036     0 7106 1895 78  3 16  3  0
 9  1 3002720 6011612 1480920 8523388 2204    0  2204     0 7377 2161 80  4 14  2  0
 2  2 3002436 5793868 1482268 8746620 1192    0  1201    28 7305 1853 80  4 14  2  0
 2  2 1576920 11602668 741528 3683804 11932    0 17304     0 7764 2916 71  9 16  4  0
 8  0 1572624 14906280 800596 352012 51680    0 60384     0 10840 7635 81  3 14  3  0
^C
[eos19:~]$ 
